email,date,page
as4h561dciq1@opayq.com,2022-04-24 23:47:10,index
as4h561dciq1@opayq.com,2022-04-24 23:47:19,leaderboard
as4h561dciq1@opayq.com,2022-04-24 23:47:39,leaderboard
as4h561dciq1@opayq.com,2022-04-24 23:47:40,leaderboard
guest,2022-04-24 23:47:52,leaderboard
guest,2022-04-24 23:47:54,settings
guest,2022-04-24 23:47:56,login
as4h561dciq1@opayq.com,2022-04-24 23:48:10,index
as4h561dciq1@opayq.com,2022-04-24 23:49:15,index
as4h561dciq1@opayq.com,2022-04-24 23:49:16,index
guest,2022-04-24 23:49:17,index
as4h561dciq1@opayq.com,2022-04-24 23:49:56,index
